[gd_scene load_steps=12 format=3 uid="uid://5k5544ggwcej"]

[ext_resource type="PackedScene" uid="uid://dsf532qii5efv" path="res://characters/euclid/euclid.glb" id="1_me2nu"]
[ext_resource type="Script" path="res://lib/player/glider/trail_3d.gd" id="2_vm4ur"]

[sub_resource type="Gradient" id="Gradient_rr5jv"]
offsets = PackedFloat32Array(0, 0.211268, 0.793427, 1)
colors = PackedColorArray(1, 1, 1, 0, 1, 1, 1, 1, 0.906103, 0.906103, 0.906103, 1, 1, 1, 1, 0)

[sub_resource type="GradientTexture2D" id="GradientTexture2D_y8f53"]
gradient = SubResource("Gradient_rr5jv")

[sub_resource type="StandardMaterial3D" id="StandardMaterial3D_0whc0"]
transparency = 1
cull_mode = 2
shading_mode = 0
vertex_color_use_as_albedo = true
albedo_texture = SubResource("GradientTexture2D_y8f53")

[sub_resource type="AnimationNodeAnimation" id="AnimationNodeAnimation_3uhmt"]
animation = &"Fly"

[sub_resource type="AnimationNodeAnimation" id="AnimationNodeAnimation_k0e6l"]
animation = &"Idle"

[sub_resource type="AnimationNodeStateMachineTransition" id="AnimationNodeStateMachineTransition_xdc0c"]
xfade_time = 0.6
advance_mode = 2

[sub_resource type="AnimationNodeStateMachineTransition" id="AnimationNodeStateMachineTransition_auv72"]
xfade_time = 0.25
priority = 2
advance_mode = 2
advance_condition = &"is_flying"

[sub_resource type="AnimationNodeStateMachineTransition" id="AnimationNodeStateMachineTransition_dbsxo"]
xfade_time = 0.5
advance_mode = 2
advance_condition = &"not_flying"

[sub_resource type="AnimationNodeStateMachine" id="AnimationNodeStateMachine_0wdug"]
states/Fly/node = SubResource("AnimationNodeAnimation_3uhmt")
states/Fly/position = Vector2(641, 100)
states/Idle/node = SubResource("AnimationNodeAnimation_k0e6l")
states/Idle/position = Vector2(464, 100)
states/Start/position = Vector2(291, 100)
transitions = ["Start", "Idle", SubResource("AnimationNodeStateMachineTransition_xdc0c"), "Idle", "Fly", SubResource("AnimationNodeStateMachineTransition_auv72"), "Fly", "Idle", SubResource("AnimationNodeStateMachineTransition_dbsxo")]
graph_offset = Vector2(-220, -47)

[node name="Euclid" instance=ExtResource("1_me2nu")]

[node name="Skeleton3D" parent="EuclidArmature" index="0"]
bones/0/position = Vector3(-0.000151472, -0.0115288, 0.000155826)
bones/0/rotation = Quaternion(-0.00202545, 0.00207087, 0.716083, 0.698009)
bones/1/rotation = Quaternion(-3.55306e-15, 2.12089e-21, 1, 0)
bones/2/rotation = Quaternion(2.66925e-08, 2.66925e-08, 0.707107, 0.707107)
bones/3/rotation = Quaternion(2.66925e-08, 2.66925e-08, 0.707107, 0.707107)
bones/4/rotation = Quaternion(-0.5, 0.5, -0.5, 0.5)
bones/5/rotation = Quaternion(0.5, 0.5, -0.5, 0.5)
bones/6/rotation = Quaternion(0.486458, 0.30909, 0.692475, -0.433937)
bones/6/scale = Vector3(1, 1, 1)
bones/7/rotation = Quaternion(-0.0374634, 0.961094, 0.218489, 0.164795)
bones/7/scale = Vector3(1, 1, 1)
bones/10/rotation = Quaternion(0, 0, -0.810871, 0.585225)
bones/11/rotation = Quaternion(-0.495268, 0.530618, -0.468395, 0.503746)
bones/11/scale = Vector3(1, 1, 1)
bones/12/rotation = Quaternion(0.724872, 0.679365, -0.0561032, -0.0993775)
bones/12/scale = Vector3(1, 1, 1)
bones/13/position = Vector3(-0.0138992, -0.479686, 0.52764)
bones/13/rotation = Quaternion(-0.0241391, 0.692786, -0.0503318, 0.718979)
bones/13/scale = Vector3(1, 1, 1)
bones/14/position = Vector3(0.133778, 0.632437, -0.308827)
bones/14/rotation = Quaternion(0.581863, -0.501299, 0.631349, 0.107389)
bones/14/scale = Vector3(1, 1, 1)
bones/15/rotation = Quaternion(0.797607, 0.373241, 0.373241, -0.291901)
bones/15/scale = Vector3(1, 1, 1)
bones/16/rotation = Quaternion(0.506943, -0.472805, -0.472805, 0.543985)
bones/16/scale = Vector3(1, 1, 1)
bones/18/position = Vector3(-0.0210555, -0.479528, -0.527688)
bones/18/rotation = Quaternion(0.0512381, 0.691311, 0.0221505, 0.720398)
bones/19/position = Vector3(-0.155914, 0.63228, -0.296865)
bones/19/rotation = Quaternion(0.22456, -0.213166, 0.828698, -0.466255)
bones/19/scale = Vector3(1, 1, 1)
bones/20/rotation = Quaternion(-0.142916, 0.868942, -0.451763, 0.142916)
bones/21/rotation = Quaternion(-0.525061, -0.452599, 0.493736, 0.525061)
bones/22/rotation = Quaternion(0, 0, 0.585225, 0.810871)

[node name="EnergyOuterGlow" parent="EuclidArmature/Skeleton3D" index="0"]
transform = Transform3D(0.999673, -0.0255575, -9.80373e-06, 0.0255572, 0.999657, 0.00579331, -0.000138262, -0.00579167, 0.999983, 0.0582886, -0.0128684, 0.00813608)

[node name="EnergySphere" parent="EuclidArmature/Skeleton3D" index="1"]
transform = Transform3D(0.999673, -0.0255575, -9.80373e-06, 0.0255572, 0.999657, 0.00579331, -0.000138262, -0.00579167, 0.999983, 0.0582886, -0.0128684, 0.00813608)

[node name="Ring" parent="EuclidArmature/Skeleton3D" index="2"]
transform = Transform3D(0.0255576, 0.999673, -9.92026e-06, -0.999656, 0.0255572, 0.00579321, 0.00579163, -0.000138203, 0.999983, -0.000151472, -0.0115288, 0.000155841)

[node name="BaseRing" parent="EuclidArmature/Skeleton3D" index="3"]
transform = Transform3D(-1.25468e-05, -0.0255578, 0.999673, 0.000672609, 0.999673, 0.0255577, -1, 0.000672743, 4.55976e-06, -0.0437502, -0.387576, -9.64396e-05)

[node name="VPropelCone" parent="EuclidArmature/Skeleton3D" index="4"]
transform = Transform3D(-1.25468e-05, -0.0255578, 0.999673, 0.000672609, 0.999673, 0.0255577, -1, 0.000672743, 4.55976e-06, 0.0835517, -0.43283, -0.000128488)

[node name="Tails" parent="EuclidArmature/Skeleton3D" index="5"]
transform = Transform3D(0.999674, -0.0255577, 1.20401e-05, 0.0255577, 0.999673, -0.000672415, 5.0962e-06, 0.000672489, 1, -0.000151532, -0.0115289, 0.000155818)

[node name="EyeCentral" parent="EuclidArmature/Skeleton3D" index="6"]
transform = Transform3D(-0.290664, 0.956826, 1.20401e-05, -0.956825, -0.290664, -0.000672415, -0.000639854, -0.000207013, 1, 0.148393, 0.447439, 0.000462632)

[node name="EngineRing" parent="EuclidArmature/Skeleton3D" index="7"]
transform = Transform3D(8.96829e-06, 0.98105, -0.193753, -0.00579353, -0.19375, -0.981034, -0.999983, 0.00113156, 0.00568192, 0.415252, -6.47345e-05, 9.34594e-05)

[node name="Wing_L" parent="EuclidArmature/Skeleton3D" index="8"]
transform = Transform3D(0.999673, -0.0255571, -1.01924e-05, 0.0255568, 0.999657, 0.00579325, -0.000137955, -0.00579167, 0.999983, -0.00015673, -0.0099768, 6.85453e-05)

[node name="Trail3D" type="MeshInstance3D" parent="EuclidArmature/Skeleton3D/Wing_L/Wing_L" index="0"]
transform = Transform3D(1, 1.86265e-09, 2.72848e-12, 0, 1, -9.8618e-11, -9.09495e-13, -2.34007e-10, 1, 0.58, 0.14, 1.15)
material_override = SubResource("StandardMaterial3D_0whc0")
script = ExtResource("2_vm4ur")
trail_width = 0.02
always_enabled = true
start_alpha = 0.4
diffuse_color = Color(0.44, 0.757333, 1, 1)

[node name="Fuselage_L_2" parent="EuclidArmature/Skeleton3D" index="9"]
transform = Transform3D(0.999673, -0.0255575, -9.61637e-06, 0.0255571, 0.999657, 0.0057929, -0.00013843, -0.00579128, 0.999983, -0.000168562, -0.00649066, 0.000126302)

[node name="Eyes_002" parent="EuclidArmature/Skeleton3D" index="10"]
transform = Transform3D(-0.290663, 0.956825, -9.61637e-06, -0.956809, -0.290658, 0.0057929, 0.00554002, 0.001693, 0.999983, -0.58728, 0.0128004, 0.434609)

[node name="Wing_R" parent="EuclidArmature/Skeleton3D" index="11"]
transform = Transform3D(-0.999674, 0.0255571, -1.05016e-05, -0.0255567, -0.999657, 0.00579458, 0.000137426, 0.00579304, 0.999983, -0.000134319, -0.0165294, -0.00137973)

[node name="Trail3D2" type="MeshInstance3D" parent="EuclidArmature/Skeleton3D/Wing_R/Wing_R" index="0"]
transform = Transform3D(-1, -6.51926e-09, -2.06908e-07, 3.91155e-08, -1, 5.55076e-07, -2.68279e-07, 8.04311e-07, 1, -0.58, -0.14, -1.17)
material_override = SubResource("StandardMaterial3D_0whc0")
skeleton = NodePath("../../../Wing_L/Wing_L")
script = ExtResource("2_vm4ur")
trail_width = 0.02
always_enabled = true
start_alpha = 0.4
diffuse_color = Color(0.439216, 0.756863, 1, 1)

[node name="Fuselage_R_2" parent="EuclidArmature/Skeleton3D" index="12"]
transform = Transform3D(-0.999673, 0.0255586, -9.71259e-06, -0.0255582, -0.999656, 0.00579503, 0.000138382, 0.0057934, 0.999983, -0.000144482, -0.0136487, 0.000120759)

[node name="Eyes" parent="EuclidArmature/Skeleton3D" index="13"]
transform = Transform3D(-0.290663, 0.956825, -9.71259e-06, -0.956809, -0.290658, 0.00579503, 0.00554202, 0.00169372, 0.999983, -0.587247, 0.000605728, -0.434568)

[node name="AnimationTree" type="AnimationTree" parent="." index="2"]
tree_root = SubResource("AnimationNodeStateMachine_0wdug")
anim_player = NodePath("../AnimationPlayer")
parameters/conditions/is_flying = false
parameters/conditions/not_flying = false
