[gd_scene load_steps=12 format=3 uid="uid://5k5544ggwcej"]

[ext_resource type="PackedScene" uid="uid://dsf532qii5efv" path="res://characters/euclid/euclid.glb" id="1_me2nu"]
[ext_resource type="Script" path="res://lib/player/glider/trail_3d.gd" id="2_vm4ur"]

[sub_resource type="Gradient" id="Gradient_rr5jv"]
offsets = PackedFloat32Array(0, 0.211268, 0.793427, 1)
colors = PackedColorArray(1, 1, 1, 0, 1, 1, 1, 1, 0.906103, 0.906103, 0.906103, 1, 1, 1, 1, 0)

[sub_resource type="GradientTexture2D" id="GradientTexture2D_y8f53"]
gradient = SubResource("Gradient_rr5jv")

[sub_resource type="StandardMaterial3D" id="StandardMaterial3D_0whc0"]
transparency = 1
cull_mode = 2
shading_mode = 0
vertex_color_use_as_albedo = true
albedo_texture = SubResource("GradientTexture2D_y8f53")

[sub_resource type="AnimationNodeAnimation" id="AnimationNodeAnimation_3uhmt"]
animation = &"Fly"

[sub_resource type="AnimationNodeAnimation" id="AnimationNodeAnimation_k0e6l"]
animation = &"Idle"

[sub_resource type="AnimationNodeStateMachineTransition" id="AnimationNodeStateMachineTransition_xdc0c"]
xfade_time = 0.6
advance_mode = 2

[sub_resource type="AnimationNodeStateMachineTransition" id="AnimationNodeStateMachineTransition_auv72"]
xfade_time = 0.25
priority = 2
advance_mode = 2
advance_condition = &"is_flying"

[sub_resource type="AnimationNodeStateMachineTransition" id="AnimationNodeStateMachineTransition_dbsxo"]
xfade_time = 0.5
advance_mode = 2
advance_condition = &"not_flying"

[sub_resource type="AnimationNodeStateMachine" id="AnimationNodeStateMachine_0wdug"]
states/Fly/node = SubResource("AnimationNodeAnimation_3uhmt")
states/Fly/position = Vector2(641, 100)
states/Idle/node = SubResource("AnimationNodeAnimation_k0e6l")
states/Idle/position = Vector2(464, 100)
states/Start/position = Vector2(291, 100)
transitions = ["Start", "Idle", SubResource("AnimationNodeStateMachineTransition_xdc0c"), "Idle", "Fly", SubResource("AnimationNodeStateMachineTransition_auv72"), "Fly", "Idle", SubResource("AnimationNodeStateMachineTransition_dbsxo")]
graph_offset = Vector2(-220, -47)

[node name="Euclid" instance=ExtResource("1_me2nu")]

[node name="Skeleton3D" parent="EuclidArmature" index="0"]
bones/0/position = Vector3(-0.000559043, -0.0425497, 0.000575114)
bones/0/rotation = Quaternion(-0.0076002, 0.00777064, 0.716341, 0.697666)
bones/1/rotation = Quaternion(-3.55306e-15, 2.12089e-21, 1, 0)
bones/2/rotation = Quaternion(2.66925e-08, 2.66925e-08, 0.707107, 0.707107)
bones/3/rotation = Quaternion(2.66925e-08, 2.66925e-08, 0.707107, 0.707107)
bones/4/rotation = Quaternion(-0.5, 0.5, -0.5, 0.5)
bones/5/rotation = Quaternion(0.5, 0.5, -0.5, 0.5)
bones/6/rotation = Quaternion(0.480508, 0.312982, 0.696615, -0.431142)
bones/6/scale = Vector3(1, 1, 1)
bones/7/rotation = Quaternion(-0.0374634, 0.961094, 0.218489, 0.164795)
bones/7/scale = Vector3(1, 1, 1)
bones/10/rotation = Quaternion(0, 0, -0.810871, 0.585225)
bones/11/rotation = Quaternion(-0.495268, 0.530618, -0.468395, 0.503746)
bones/11/scale = Vector3(1, 1, 1)
bones/12/rotation = Quaternion(0.724872, 0.679365, -0.0561032, -0.0993775)
bones/12/scale = Vector3(1, 1, 1)
bones/13/position = Vector3(-0.000610312, -0.479981, 0.527641)
bones/13/rotation = Quaternion(-0.0241391, 0.692786, -0.0503318, 0.718979)
bones/13/scale = Vector3(1, 1, 1)
bones/14/position = Vector3(0.133641, 0.632305, -0.317849)
bones/14/rotation = Quaternion(0.581863, -0.501299, 0.631349, 0.107389)
bones/14/scale = Vector3(1, 1, 1)
bones/15/rotation = Quaternion(0.797607, 0.373241, 0.373241, -0.291901)
bones/15/scale = Vector3(1, 1, 1)
bones/16/rotation = Quaternion(0.506943, -0.472805, -0.472805, 0.543985)
bones/16/scale = Vector3(1, 1, 1)
bones/18/position = Vector3(-0.0264019, -0.479409, -0.527807)
bones/18/rotation = Quaternion(0.0512381, 0.691311, 0.0221505, 0.720398)
bones/19/position = Vector3(-0.15222, 0.63173, -0.304648)
bones/19/rotation = Quaternion(0.22456, -0.213166, 0.828698, -0.466255)
bones/19/scale = Vector3(1, 1, 1)
bones/20/rotation = Quaternion(-0.142916, 0.868942, -0.451763, 0.142916)
bones/21/rotation = Quaternion(-0.525061, -0.452599, 0.493736, 0.525061)
bones/22/rotation = Quaternion(0, 0, 0.585225, 0.810871)

[node name="EnergyOuterGlow" parent="EuclidArmature/Skeleton3D" index="0"]
transform = Transform3D(0.999651, -0.0264087, -4.6051e-05, 0.0264034, 0.999415, 0.0217376, -0.000528038, -0.0217312, 0.999764, 0.0578819, -0.0437121, 0.00857675)

[node name="EnergySphere" parent="EuclidArmature/Skeleton3D" index="1"]
transform = Transform3D(0.999651, -0.0264087, -4.6051e-05, 0.0264034, 0.999415, 0.0217376, -0.000528038, -0.0217312, 0.999764, 0.0578819, -0.0437121, 0.00857675)

[node name="Ring" parent="EuclidArmature/Skeleton3D" index="2"]
transform = Transform3D(0.0264087, 0.999651, -4.61674e-05, -0.999415, 0.0264034, 0.0217375, 0.0217312, -0.000527978, 0.999764, -0.000559043, -0.0425497, 0.000575129)

[node name="BaseRing" parent="EuclidArmature/Skeleton3D" index="3"]
transform = Transform3D(-5.54919e-05, -0.0264088, 0.999651, 0.00210427, 0.999649, 0.0264087, -0.999998, 0.00210512, 2.98023e-08, -0.0438376, -0.418633, -0.00021378)

[node name="VPropelCone" parent="EuclidArmature/Skeleton3D" index="4"]
transform = Transform3D(-5.54919e-05, -0.0264088, 0.999651, 0.00210427, 0.999649, 0.0264087, -0.999998, 0.00210512, 2.98023e-08, 0.0835027, -0.463778, -0.000315859)

[node name="VPropelCone" parent="EuclidArmature/Skeleton3D/VPropelCone" index="0"]
visible = false

[node name="Tails" parent="EuclidArmature/Skeleton3D" index="5"]
transform = Transform3D(0.999652, -0.0264086, 5.49555e-05, 0.0264086, 0.999649, -0.00210409, 5.66244e-07, 0.00210488, 0.999998, -0.000559104, -0.0425498, 0.000575106)

[node name="Tails" parent="EuclidArmature/Skeleton3D/Tails" index="0"]
visible = false

[node name="EyeCentral" parent="EuclidArmature/Skeleton3D" index="6"]
transform = Transform3D(-0.28985, 0.957073, 5.49555e-05, -0.95707, -0.289849, -0.00210409, -0.00199788, -0.000662549, 0.999998, 0.147595, 0.416543, 0.00153296)

[node name="EngineRing" parent="EuclidArmature/Skeleton3D" index="7"]
transform = Transform3D(4.5226e-05, 0.981215, -0.192918, -0.0217378, -0.192871, -0.980983, -0.999764, 0.00423821, 0.0213206, 0.414835, -0.0307342, 0.000337323)

[node name="Wing_L" parent="EuclidArmature/Skeleton3D" index="8"]
transform = Transform3D(0.999651, -0.0264083, -4.63724e-05, 0.0264031, 0.999415, 0.0217375, -0.00052774, -0.0217312, 0.999764, -0.000583768, -0.0367342, 0.000169218)

[node name="Trail3D" type="MeshInstance3D" parent="EuclidArmature/Skeleton3D/Wing_L/Wing_L" index="0"]
transform = Transform3D(1, 1.86265e-09, 2.72848e-12, 0, 1, -9.8618e-11, -9.09495e-13, -2.34007e-10, 1, 0.58, 0.14, 1.15)
material_override = SubResource("StandardMaterial3D_0whc0")
script = ExtResource("2_vm4ur")
trail_width = 0.02
always_enabled = true
start_alpha = 0.4
diffuse_color = Color(0.44, 0.757333, 1, 1)

[node name="Fuselage_L_2" parent="EuclidArmature/Skeleton3D" index="9"]
transform = Transform3D(0.999651, -0.0264087, -4.58747e-05, 0.0264034, 0.999415, 0.0217372, -0.000528199, -0.0217308, 0.999764, -0.000636727, -0.0242238, 0.00017643)

[node name="Eyes_002" parent="EuclidArmature/Skeleton3D" index="10"]
transform = Transform3D(-0.289849, 0.957073, -4.58747e-05, -0.956847, -0.289779, 0.0217372, 0.0207908, 0.00634439, 0.999764, -0.587778, 0.00149245, 0.434286)

[node name="Wing_R" parent="EuclidArmature/Skeleton3D" index="11"]
transform = Transform3D(-0.999651, 0.0264083, -4.67598e-05, -0.026403, -0.999415, 0.0217389, 0.000527211, 0.0217325, 0.999764, -0.000482455, -0.0606425, -0.00474828)

[node name="Trail3D2" type="MeshInstance3D" parent="EuclidArmature/Skeleton3D/Wing_R/Wing_R" index="0"]
transform = Transform3D(-1, -6.51926e-09, -2.06908e-07, 3.91155e-08, -1, 5.55076e-07, -2.68279e-07, 8.04311e-07, 1, -0.58, -0.14, -1.17)
material_override = SubResource("StandardMaterial3D_0whc0")
skeleton = NodePath("../../../Wing_L/Wing_L")
script = ExtResource("2_vm4ur")
trail_width = 0.02
always_enabled = true
start_alpha = 0.4
diffuse_color = Color(0.439216, 0.756863, 1, 1)

[node name="Fuselage_R_2" parent="EuclidArmature/Skeleton3D" index="12"]
transform = Transform3D(-0.999651, 0.0264097, -4.59604e-05, -0.0264044, -0.999415, 0.0217393, 0.000528182, 0.0217329, 0.999764, -0.000527501, -0.0500189, 0.000571072)

[node name="Eyes" parent="EuclidArmature/Skeleton3D" index="13"]
transform = Transform3D(-0.289849, 0.957073, -4.59604e-05, -0.956847, -0.289779, 0.0217393, 0.0207928, 0.0063451, 0.999764, -0.587629, -0.0431978, -0.4343)

[node name="AnimationTree" type="AnimationTree" parent="." index="2"]
tree_root = SubResource("AnimationNodeStateMachine_0wdug")
anim_player = NodePath("../AnimationPlayer")
parameters/conditions/is_flying = false
parameters/conditions/not_flying = false
