[gd_scene load_steps=12 format=3 uid="uid://5k5544ggwcej"]

[ext_resource type="PackedScene" uid="uid://dsf532qii5efv" path="res://characters/euclid/euclid.glb" id="1_me2nu"]
[ext_resource type="Script" path="res://lib/player/glider/trail_3d.gd" id="2_vm4ur"]

[sub_resource type="Gradient" id="Gradient_rr5jv"]
offsets = PackedFloat32Array(0, 0.211268, 0.793427, 1)
colors = PackedColorArray(1, 1, 1, 0, 1, 1, 1, 1, 0.906103, 0.906103, 0.906103, 1, 1, 1, 1, 0)

[sub_resource type="GradientTexture2D" id="GradientTexture2D_y8f53"]
gradient = SubResource("Gradient_rr5jv")

[sub_resource type="StandardMaterial3D" id="StandardMaterial3D_0whc0"]
transparency = 1
cull_mode = 2
shading_mode = 0
vertex_color_use_as_albedo = true
albedo_texture = SubResource("GradientTexture2D_y8f53")

[sub_resource type="AnimationNodeAnimation" id="AnimationNodeAnimation_3uhmt"]
animation = &"Fly"

[sub_resource type="AnimationNodeAnimation" id="AnimationNodeAnimation_k0e6l"]
animation = &"Idle"

[sub_resource type="AnimationNodeStateMachineTransition" id="AnimationNodeStateMachineTransition_xdc0c"]
xfade_time = 0.6
advance_mode = 2

[sub_resource type="AnimationNodeStateMachineTransition" id="AnimationNodeStateMachineTransition_auv72"]
xfade_time = 0.25
priority = 2
advance_mode = 2
advance_condition = &"is_flying"

[sub_resource type="AnimationNodeStateMachineTransition" id="AnimationNodeStateMachineTransition_dbsxo"]
xfade_time = 0.5
advance_mode = 2
advance_condition = &"not_flying"

[sub_resource type="AnimationNodeStateMachine" id="AnimationNodeStateMachine_0wdug"]
states/Fly/node = SubResource("AnimationNodeAnimation_3uhmt")
states/Fly/position = Vector2(641, 100)
states/Idle/node = SubResource("AnimationNodeAnimation_k0e6l")
states/Idle/position = Vector2(464, 100)
states/Start/position = Vector2(291, 100)
transitions = ["Start", "Idle", SubResource("AnimationNodeStateMachineTransition_xdc0c"), "Idle", "Fly", SubResource("AnimationNodeStateMachineTransition_auv72"), "Fly", "Idle", SubResource("AnimationNodeStateMachineTransition_dbsxo")]
graph_offset = Vector2(-220, -47)

[node name="Euclid" instance=ExtResource("1_me2nu")]

[node name="Skeleton3D" parent="EuclidArmature" index="0"]
bones/0/position = Vector3(-0.000156044, -0.0118768, 0.00016053)
bones/0/rotation = Quaternion(-0.00208604, 0.00213282, 0.716198, 0.697891)
bones/1/rotation = Quaternion(-3.55306e-15, 2.12089e-21, 1, 0)
bones/2/rotation = Quaternion(2.66925e-08, 2.66925e-08, 0.707107, 0.707107)
bones/3/rotation = Quaternion(2.66925e-08, 2.66925e-08, 0.707107, 0.707107)
bones/4/rotation = Quaternion(-0.5, 0.5, -0.5, 0.5)
bones/5/rotation = Quaternion(0.5, 0.5, -0.5, 0.5)
bones/6/rotation = Quaternion(0.486389, 0.309136, 0.692523, -0.433905)
bones/6/scale = Vector3(1, 1, 1)
bones/7/rotation = Quaternion(-0.0374634, 0.961094, 0.218489, 0.164795)
bones/7/scale = Vector3(1, 1, 1)
bones/10/rotation = Quaternion(0, 0, -0.810871, 0.585225)
bones/11/rotation = Quaternion(-0.495268, 0.530618, -0.468395, 0.503746)
bones/11/scale = Vector3(1, 1, 1)
bones/12/rotation = Quaternion(0.724872, 0.679365, -0.0561032, -0.0993775)
bones/12/scale = Vector3(1, 1, 1)
bones/13/position = Vector3(-0.013751, -0.47969, 0.52764)
bones/13/rotation = Quaternion(-0.0241391, 0.692786, -0.0503318, 0.718979)
bones/13/scale = Vector3(1, 1, 1)
bones/14/position = Vector3(0.133776, 0.632435, -0.308927)
bones/14/rotation = Quaternion(0.581863, -0.501299, 0.631349, 0.107389)
bones/14/scale = Vector3(1, 1, 1)
bones/15/rotation = Quaternion(0.797607, 0.373241, 0.373241, -0.291901)
bones/15/scale = Vector3(1, 1, 1)
bones/16/rotation = Quaternion(0.506943, -0.472805, -0.472805, 0.543985)
bones/16/scale = Vector3(1, 1, 1)
bones/18/position = Vector3(-0.021117, -0.479526, -0.527689)
bones/18/rotation = Quaternion(0.0512381, 0.691311, 0.0221505, 0.720398)
bones/19/position = Vector3(-0.155875, 0.632274, -0.296949)
bones/19/rotation = Quaternion(0.22456, -0.213166, 0.828698, -0.466255)
bones/19/scale = Vector3(1, 1, 1)
bones/20/rotation = Quaternion(-0.142916, 0.868942, -0.451763, 0.142916)
bones/21/rotation = Quaternion(-0.525061, -0.452599, 0.493736, 0.525061)
bones/22/rotation = Quaternion(0, 0, 0.585225, 0.810871)

[node name="EnergyOuterGlow" parent="EuclidArmature/Skeleton3D" index="0"]
transform = Transform3D(0.999665, -0.0258874, -1.10819e-05, 0.025887, 0.999647, 0.00596663, -0.000143382, -0.00596492, 0.999982, 0.0582845, -0.0131957, 0.00814098)

[node name="EnergySphere" parent="EuclidArmature/Skeleton3D" index="1"]
transform = Transform3D(0.999665, -0.0258874, -1.10819e-05, 0.025887, 0.999647, 0.00596663, -0.000143382, -0.00596492, 0.999982, 0.0582845, -0.0131957, 0.00814098)

[node name="Ring" parent="EuclidArmature/Skeleton3D" index="2"]
transform = Transform3D(0.0258874, 0.999665, -1.11984e-05, -0.999647, 0.025887, 0.00596653, 0.00596488, -0.000143323, 0.999982, -0.000156044, -0.0118768, 0.000160545)

[node name="BaseRing" parent="EuclidArmature/Skeleton3D" index="3"]
transform = Transform3D(-1.40667e-05, -0.0258875, 0.999665, 0.000701174, 0.999665, 0.0258876, -1, 0.000701189, 4.14252e-06, -0.0436307, -0.387938, -0.000102383)

[node name="VPropelCone" parent="EuclidArmature/Skeleton3D" index="4"]
transform = Transform3D(-1.40667e-05, -0.0258875, 0.999665, 0.000701174, 0.999665, 0.0258876, -1, 0.000701189, 4.14252e-06, 0.0836861, -0.43315, -0.000135863)

[node name="Tails" parent="EuclidArmature/Skeleton3D" index="5"]
transform = Transform3D(0.999665, -0.0258874, 1.35303e-05, 0.0258875, 0.999665, -0.00070098, 4.70877e-06, 0.000700966, 1, -0.000156105, -0.0118769, 0.000160522)

[node name="EyeCentral" parent="EuclidArmature/Skeleton3D" index="6"]
transform = Transform3D(-0.290349, 0.956921, 1.35303e-05, -0.956921, -0.290349, -0.00070098, -0.000666758, -0.000216352, 1, 0.148237, 0.44714, 0.000480231)

[node name="EngineRing" parent="EuclidArmature/Skeleton3D" index="7"]
transform = Transform3D(1.02349e-05, 0.981114, -0.19343, -0.00596684, -0.193426, -0.981097, -0.999982, 0.00116446, 0.00585209, 0.415244, -0.000275689, 9.58894e-05)

[node name="Wing_L" parent="EuclidArmature/Skeleton3D" index="8"]
transform = Transform3D(0.999665, -0.025887, -1.14143e-05, 0.0258866, 0.999647, 0.0059666, -0.000143111, -0.00596489, 0.999982, -0.00016202, -0.0102763, 7.04229e-05)

[node name="Trail3D" type="MeshInstance3D" parent="EuclidArmature/Skeleton3D/Wing_L/Wing_L" index="0"]
transform = Transform3D(1, 1.86265e-09, 2.72848e-12, 0, 1, -9.8618e-11, -9.09495e-13, -2.34007e-10, 1, 0.58, 0.14, 1.15)
material_override = SubResource("StandardMaterial3D_0whc0")
script = ExtResource("2_vm4ur")
trail_width = 0.02
always_enabled = true
start_alpha = 0.4
diffuse_color = Color(0.44, 0.757333, 1, 1)

[node name="Fuselage_L_2" parent="EuclidArmature/Skeleton3D" index="9"]
transform = Transform3D(0.999665, -0.0258874, -1.08971e-05, 0.025887, 0.999647, 0.00596622, -0.000143552, -0.00596453, 0.999982, -0.000175297, -0.00669045, 0.000129223)

[node name="Eyes_002" parent="EuclidArmature/Skeleton3D" index="10"]
transform = Transform3D(-0.290348, 0.956921, -1.08971e-05, -0.956904, -0.290342, 0.00596622, 0.00570606, 0.00174272, 0.999982, -0.587292, 0.0124821, 0.434609)

[node name="Wing_R" parent="EuclidArmature/Skeleton3D" index="11"]
transform = Transform3D(-0.999665, 0.025887, -1.17905e-05, -0.0258866, -0.999647, 0.00596789, 0.000142604, 0.00596628, 0.999982, -0.000136808, -0.0170216, -0.00141805)

[node name="Trail3D2" type="MeshInstance3D" parent="EuclidArmature/Skeleton3D/Wing_R/Wing_R" index="0"]
transform = Transform3D(-1, -6.51926e-09, -2.06908e-07, 3.91155e-08, -1, 5.55076e-07, -2.68279e-07, 8.04311e-07, 1, -0.58, -0.14, -1.17)
material_override = SubResource("StandardMaterial3D_0whc0")
skeleton = NodePath("../../../Wing_L/Wing_L")
script = ExtResource("2_vm4ur")
trail_width = 0.02
always_enabled = true
start_alpha = 0.4
diffuse_color = Color(0.439216, 0.756863, 1, 1)

[node name="Fuselage_R_2" parent="EuclidArmature/Skeleton3D" index="12"]
transform = Transform3D(-0.999665, 0.0258884, -1.09921e-05, -0.025888, -0.999647, 0.00596835, 0.000143503, 0.00596665, 0.999982, -0.000148058, -0.0140582, 0.000124872)

[node name="Eyes" parent="EuclidArmature/Skeleton3D" index="13"]
transform = Transform3D(-0.290348, 0.956921, -1.09921e-05, -0.956904, -0.290342, 0.00596835, 0.00570806, 0.00174344, 0.999982, -0.587256, -7.29021e-05, -0.434566)

[node name="AnimationTree" type="AnimationTree" parent="." index="2"]
tree_root = SubResource("AnimationNodeStateMachine_0wdug")
anim_player = NodePath("../AnimationPlayer")
parameters/conditions/is_flying = false
parameters/conditions/not_flying = false
