[gd_scene load_steps=12 format=3 uid="uid://5k5544ggwcej"]

[ext_resource type="PackedScene" uid="uid://dsf532qii5efv" path="res://characters/euclid/euclid.glb" id="1_me2nu"]
[ext_resource type="Script" path="res://lib/player/glider/trail_3d.gd" id="2_vm4ur"]

[sub_resource type="Gradient" id="Gradient_rr5jv"]
offsets = PackedFloat32Array(0, 0.211268, 0.793427, 1)
colors = PackedColorArray(1, 1, 1, 0, 1, 1, 1, 1, 0.906103, 0.906103, 0.906103, 1, 1, 1, 1, 0)

[sub_resource type="GradientTexture2D" id="GradientTexture2D_y8f53"]
gradient = SubResource("Gradient_rr5jv")

[sub_resource type="StandardMaterial3D" id="StandardMaterial3D_0whc0"]
transparency = 1
cull_mode = 2
shading_mode = 0
vertex_color_use_as_albedo = true
albedo_texture = SubResource("GradientTexture2D_y8f53")

[sub_resource type="AnimationNodeAnimation" id="AnimationNodeAnimation_3uhmt"]
animation = &"Fly"

[sub_resource type="AnimationNodeAnimation" id="AnimationNodeAnimation_k0e6l"]
animation = &"Idle"

[sub_resource type="AnimationNodeStateMachineTransition" id="AnimationNodeStateMachineTransition_xdc0c"]
xfade_time = 0.6
advance_mode = 2

[sub_resource type="AnimationNodeStateMachineTransition" id="AnimationNodeStateMachineTransition_auv72"]
xfade_time = 0.25
priority = 2
advance_mode = 2
advance_condition = &"is_flying"

[sub_resource type="AnimationNodeStateMachineTransition" id="AnimationNodeStateMachineTransition_dbsxo"]
xfade_time = 0.5
advance_mode = 2
advance_condition = &"not_flying"

[sub_resource type="AnimationNodeStateMachine" id="AnimationNodeStateMachine_0wdug"]
states/Fly/node = SubResource("AnimationNodeAnimation_3uhmt")
states/Fly/position = Vector2(641, 100)
states/Idle/node = SubResource("AnimationNodeAnimation_k0e6l")
states/Idle/position = Vector2(464, 100)
states/Start/position = Vector2(291, 100)
transitions = ["Start", "Idle", SubResource("AnimationNodeStateMachineTransition_xdc0c"), "Idle", "Fly", SubResource("AnimationNodeStateMachineTransition_auv72"), "Fly", "Idle", SubResource("AnimationNodeStateMachineTransition_dbsxo")]
graph_offset = Vector2(-220, -47)

[node name="Euclid" instance=ExtResource("1_me2nu")]

[node name="Skeleton3D" parent="EuclidArmature" index="0"]
bones/0/position = Vector3(-0.000302357, -0.0230129, 0.000311049)
bones/0/rotation = Quaternion(-0.000735517, 0.00075201, 0.707585, 0.706627)
bones/1/rotation = Quaternion(-3.55306e-15, 2.12089e-21, 1, 0)
bones/2/rotation = Quaternion(2.66925e-08, 2.66925e-08, 0.707107, 0.707107)
bones/3/rotation = Quaternion(2.66925e-08, 2.66925e-08, 0.707107, 0.707107)
bones/4/rotation = Quaternion(-0.5, 0.5, -0.5, 0.5)
bones/5/rotation = Quaternion(0.5, 0.5, -0.5, 0.5)
bones/6/rotation = Quaternion(0.484272, 0.310525, 0.694005, -0.432912)
bones/6/scale = Vector3(1, 1, 1)
bones/7/rotation = Quaternion(-0.0374634, 0.961094, 0.218489, 0.164795)
bones/7/scale = Vector3(1, 1, 1)
bones/10/rotation = Quaternion(0, 0, -0.810871, 0.585225)
bones/11/rotation = Quaternion(-0.495268, 0.530618, -0.468395, 0.503746)
bones/11/scale = Vector3(1, 1, 1)
bones/12/rotation = Quaternion(0.724872, 0.679365, -0.0561032, -0.0993775)
bones/12/scale = Vector3(1, 1, 1)
bones/13/position = Vector3(-0.00889651, -0.479797, 0.527641)
bones/13/rotation = Quaternion(-0.0241391, 0.692786, -0.0503318, 0.718979)
bones/13/scale = Vector3(1, 1, 1)
bones/14/position = Vector3(0.133725, 0.632386, -0.31228)
bones/14/rotation = Quaternion(0.581863, -0.501299, 0.631349, 0.107389)
bones/14/scale = Vector3(1, 1, 1)
bones/15/rotation = Quaternion(0.797607, 0.373241, 0.373241, -0.291901)
bones/15/scale = Vector3(1, 1, 1)
bones/16/rotation = Quaternion(0.506943, -0.472805, -0.472805, 0.543985)
bones/16/scale = Vector3(1, 1, 1)
bones/18/position = Vector3(-0.0231157, -0.479482, -0.527734)
bones/18/rotation = Quaternion(0.0512381, 0.691311, 0.0221505, 0.720398)
bones/19/position = Vector3(-0.154537, 0.632075, -0.299766)
bones/19/rotation = Quaternion(0.22456, -0.213166, 0.828698, -0.466255)
bones/19/scale = Vector3(1, 1, 1)
bones/20/rotation = Quaternion(-0.142916, 0.868942, -0.451763, 0.142916)
bones/21/rotation = Quaternion(-0.525061, -0.452599, 0.493736, 0.525061)
bones/22/rotation = Quaternion(0, 0, 0.585225, 0.810871)

[node name="EnergyOuterGlow" parent="EuclidArmature/Skeleton3D" index="0"]
transform = Transform3D(0.999999, -0.00135541, 2.18991e-05, 0.00135541, 0.999997, 0.00210362, -2.47504e-05, -0.00210359, 0.999998, 0.0580873, -0.0257959, 0.00828743)

[node name="EnergySphere" parent="EuclidArmature/Skeleton3D" index="1"]
transform = Transform3D(0.999999, -0.00135541, 2.18991e-05, 0.00135541, 0.999997, 0.00210362, -2.47504e-05, -0.00210359, 0.999998, 0.0580873, -0.0257959, 0.00828743)

[node name="Ring" parent="EuclidArmature/Skeleton3D" index="2"]
transform = Transform3D(0.00135547, 0.999999, 2.178e-05, -0.999997, 0.00135541, 0.00210351, 0.00210354, -2.46908e-05, 0.999998, -0.000302357, -0.0230129, 0.000311064)

[node name="BaseRing" parent="EuclidArmature/Skeleton3D" index="3"]
transform = Transform3D(0.000245303, -0.00135714, 0.999999, 0.0107558, 0.999941, 0.0013544, -0.999942, 0.0107554, 0.000259876, -0.052989, -0.397873, -0.0037339)

[node name="VPropelCone" parent="EuclidArmature/Skeleton3D" index="4"]
transform = Transform3D(0.000245303, -0.00135714, 0.999999, 0.0107558, 0.999941, 0.0013544, -0.999942, 0.0107554, 0.000259876, 0.0731804, -0.446192, -0.00422269)

[node name="Tails" parent="EuclidArmature/Skeleton3D" index="5"]
transform = Transform3D(1, -0.00135699, -0.00024581, 0.00135428, 0.999942, -0.0107556, 0.000260413, 0.0107552, 0.999942, -0.00030242, -0.023013, 0.00031104)

[node name="Tails" parent="EuclidArmature/Skeleton3D/Tails" index="0"]
visible = false

[node name="EyeCentral" parent="EuclidArmature/Skeleton3D" index="6"]
transform = Transform3D(-0.313735, 0.949511, -0.00024581, -0.949455, -0.31372, -0.0107556, -0.0102896, -0.003141, 0.999942, 0.159307, 0.432198, 0.00524662)

[node name="EngineRing" parent="EuclidArmature/Skeleton3D" index="7"]
transform = Transform3D(-2.2744e-05, 0.976074, -0.21744, -0.00210381, -0.21744, -0.976072, -0.999998, 0.000435505, 0.00205833, 0.415257, -0.0216059, 0.000298965)

[node name="Wing_L" parent="EuclidArmature/Skeleton3D" index="8"]
transform = Transform3D(0.999999, -0.00135504, 2.15471e-05, 0.00135507, 0.999997, 0.00210362, -2.45273e-05, -0.00210351, 0.999998, -0.000237733, -0.0199105, 0.000149369)

[node name="Trail3D" type="MeshInstance3D" parent="EuclidArmature/Skeleton3D/Wing_L/Wing_L" index="0"]
transform = Transform3D(1, 1.86265e-09, 2.72848e-12, 0, 1, -9.8618e-11, -9.09495e-13, -2.34007e-10, 1, 0.58, 0.14, 1.15)
material_override = SubResource("StandardMaterial3D_0whc0")
script = ExtResource("2_vm4ur")
trail_width = 0.02
always_enabled = true
start_alpha = 0.4
diffuse_color = Color(0.44, 0.757333, 1, 1)

[node name="Fuselage_L_2" parent="EuclidArmature/Skeleton3D" index="9"]
transform = Transform3D(0.999999, -0.00135539, 2.20714e-05, 0.0013554, 0.999997, 0.00210321, -2.49181e-05, -0.00210319, 0.999998, -9.33111e-05, -0.012973, 0.000289798)

[node name="Eyes_002" parent="EuclidArmature/Skeleton3D" index="10"]
transform = Transform3D(-0.313736, 0.94951, 2.20714e-05, -0.949508, -0.313735, 0.00210321, 0.00200395, 0.000638902, 0.999998, -0.586613, 0.0189193, 0.43483)

[node name="Wing_R" parent="EuclidArmature/Skeleton3D" index="11"]
transform = Transform3D(-0.999999, 0.00135498, 2.12565e-05, -0.00135496, -0.999997, 0.00210491, 2.39834e-05, 0.00210485, 0.999998, -0.000508338, -0.032915, -0.00278112)

[node name="Trail3D2" type="MeshInstance3D" parent="EuclidArmature/Skeleton3D/Wing_R/Wing_R" index="0"]
transform = Transform3D(-1, -6.51926e-09, -2.06908e-07, 3.91155e-08, -1, 5.55076e-07, -2.68279e-07, 8.04311e-07, 1, -0.58, -0.14, -1.17)
material_override = SubResource("StandardMaterial3D_0whc0")
skeleton = NodePath("../../../Wing_L/Wing_L")
script = ExtResource("2_vm4ur")
trail_width = 0.02
always_enabled = true
start_alpha = 0.4
diffuse_color = Color(0.439216, 0.756863, 1, 1)

[node name="Fuselage_R_2" parent="EuclidArmature/Skeleton3D" index="12"]
transform = Transform3D(-0.999999, 0.00135648, 2.203e-05, -0.00135642, -0.999997, 0.00210533, 2.48703e-05, 0.00210531, 0.999998, -0.000389487, -0.0271925, 0.000226736)

[node name="Eyes" parent="EuclidArmature/Skeleton3D" index="13"]
transform = Transform3D(-0.313736, 0.94951, 2.203e-05, -0.949508, -0.313735, 0.00210533, 0.00200595, 0.000639619, 0.999998, -0.586928, 0.0028702, -0.434418)

[node name="AnimationTree" type="AnimationTree" parent="." index="2"]
tree_root = SubResource("AnimationNodeStateMachine_0wdug")
anim_player = NodePath("../AnimationPlayer")
parameters/conditions/is_flying = false
parameters/conditions/not_flying = false
