[gd_scene load_steps=8 format=3 uid="uid://5k5544ggwcej"]

[ext_resource type="PackedScene" uid="uid://dsf532qii5efv" path="res://characters/euclid/euclid.glb" id="1_me2nu"]

[sub_resource type="AnimationNodeAnimation" id="AnimationNodeAnimation_3uhmt"]
animation = &"Fly"

[sub_resource type="AnimationNodeAnimation" id="AnimationNodeAnimation_k0e6l"]
animation = &"Idle"

[sub_resource type="AnimationNodeStateMachineTransition" id="AnimationNodeStateMachineTransition_xdc0c"]
xfade_time = 0.6
advance_mode = 2

[sub_resource type="AnimationNodeStateMachineTransition" id="AnimationNodeStateMachineTransition_auv72"]
xfade_time = 0.25
priority = 2
advance_mode = 2
advance_condition = &"is_flying"

[sub_resource type="AnimationNodeStateMachineTransition" id="AnimationNodeStateMachineTransition_dbsxo"]
xfade_time = 0.5
advance_mode = 2
advance_condition = &"not_flying"

[sub_resource type="AnimationNodeStateMachine" id="AnimationNodeStateMachine_0wdug"]
states/Fly/node = SubResource("AnimationNodeAnimation_3uhmt")
states/Fly/position = Vector2(641, 100)
states/Idle/node = SubResource("AnimationNodeAnimation_k0e6l")
states/Idle/position = Vector2(464, 100)
states/Start/position = Vector2(291, 100)
transitions = ["Start", "Idle", SubResource("AnimationNodeStateMachineTransition_xdc0c"), "Idle", "Fly", SubResource("AnimationNodeStateMachineTransition_auv72"), "Fly", "Idle", SubResource("AnimationNodeStateMachineTransition_dbsxo")]
graph_offset = Vector2(-220, -47)

[node name="Euclid" instance=ExtResource("1_me2nu")]

[node name="Skeleton3D" parent="EuclidArmature" index="0"]
bones/0/position = Vector3(-0.000349435, -0.026596, 0.00035948)
bones/0/rotation = Quaternion(-0.00132657, 0.00135632, 0.707905, 0.706305)
bones/1/rotation = Quaternion(-3.55306e-15, 2.12089e-21, 1, 0)
bones/4/rotation = Quaternion(-0.5, 0.5, -0.5, 0.5)
bones/6/rotation = Quaternion(0.483589, 0.310972, 0.69448, -0.432591)
bones/11/rotation = Quaternion(-0.495268, 0.530618, -0.468395, 0.503746)
bones/13/position = Vector3(-0.00733944, -0.479832, 0.527641)
bones/14/position = Vector3(0.133709, 0.632371, -0.313356)
bones/18/position = Vector3(-0.0237522, -0.479468, -0.527748)
bones/19/position = Vector3(-0.154108, 0.632011, -0.300671)

[node name="EnergyOuterGlow" parent="EuclidArmature/Skeleton3D" index="0"]
transform = Transform3D(0.999997, -0.00226223, 3.77775e-05, 0.00226212, 0.99999, 0.00379414, -4.63601e-05, -0.00379404, 0.999993, 0.0580429, -0.0293127, 0.00833943)

[node name="EnergySphere" parent="EuclidArmature/Skeleton3D" index="1"]
transform = Transform3D(0.999997, -0.00226223, 3.77775e-05, 0.00226212, 0.99999, 0.00379414, -4.63601e-05, -0.00379404, 0.999993, 0.0580429, -0.0293127, 0.00833943)

[node name="Ring" parent="EuclidArmature/Skeleton3D" index="2"]
transform = Transform3D(0.00226241, 0.999997, 3.75989e-05, -0.99999, 0.00226229, 0.00379403, 0.00379406, -4.61819e-05, 0.999993, -0.000349435, -0.026596, 0.000359495)

[node name="BaseRing" parent="EuclidArmature/Skeleton3D" index="3"]
transform = Transform3D(0.000258356, -0.00226399, 0.999997, 0.0110596, 0.999936, 0.00226095, -0.999939, 0.011059, 0.000283211, -0.052696, -0.401503, -0.00380055)

[node name="VPropelCone" parent="EuclidArmature/Skeleton3D" index="4"]
transform = Transform3D(0.000258356, -0.00226399, 0.999997, 0.0110596, 0.999936, 0.00226095, -0.999939, 0.011059, 0.000283211, 0.0735171, -0.449707, -0.00430112)

[node name="Tails" parent="EuclidArmature/Skeleton3D" index="5"]
transform = Transform3D(0.999998, -0.00226405, -0.000258356, 0.00226107, 0.999936, -0.0110596, 0.000283211, 0.011059, 0.999939, -0.000349498, -0.0265962, 0.000359471)

[node name="EyeCentral" parent="EuclidArmature/Skeleton3D" index="6"]
transform = Transform3D(-0.312873, 0.949795, -0.000258356, -0.949736, -0.312857, -0.0110596, -0.0105852, -0.00321506, 0.999939, 0.158846, 0.428758, 0.00543694)

[node name="EngineRing" parent="EuclidArmature/Skeleton3D" index="7"]
transform = Transform3D(-3.72923e-05, 0.97627, -0.216555, -0.0037943, -0.216554, -0.976263, -0.999992, 0.000785181, 0.00371229, 0.415209, -0.0248122, 0.00033699)

[node name="Wing_L" parent="EuclidArmature/Skeleton3D" index="8"]
transform = Transform3D(0.999997, -0.00226271, 3.78191e-05, 0.00226268, 0.999991, 0.00379448, -4.64618e-05, -0.00379428, 0.999993, -0.00027813, -0.0230131, 0.000166774)

[node name="Fuselage_L_2" parent="EuclidArmature/Skeleton3D" index="9"]
transform = Transform3D(0.999997, -0.0022622, 3.80155e-05, 0.00226206, 0.99999, 0.0037942, -4.65973e-05, -0.0037941, 0.999993, -0.000118494, -0.014999, 0.000315368)

[node name="Eyes_002" parent="EuclidArmature/Skeleton3D" index="10"]
transform = Transform3D(-0.312875, 0.949794, 3.80155e-05, -0.949787, -0.312872, 0.0037942, 0.0036156, 0.001151, 0.999993, -0.586659, 0.0170962, 0.434812)

[node name="Wing_R" parent="EuclidArmature/Skeleton3D" index="11"]
transform = Transform3D(-0.999997, 0.0022627, 3.76329e-05, -0.00226268, -0.99999, 0.003795, 4.61265e-05, 0.00379515, 0.999993, -0.000576824, -0.038029, -0.00319299)

[node name="Fuselage_R_2" parent="EuclidArmature/Skeleton3D" index="12"]
transform = Transform3D(-0.999997, 0.00226215, 3.74458e-05, -0.00226212, -0.99999, 0.00379415, 4.59617e-05, 0.00379405, 0.999993, -0.000445396, -0.0314129, 0.000270367)

[node name="Eyes" parent="EuclidArmature/Skeleton3D" index="13"]
transform = Transform3D(-0.312875, 0.949794, 3.74458e-05, -0.949788, -0.312873, 0.00379415, 0.00361535, 0.00115159, 0.999993, -0.587018, -0.00261555, -0.434413)

[node name="AnimationTree" type="AnimationTree" parent="." index="2"]
tree_root = SubResource("AnimationNodeStateMachine_0wdug")
anim_player = NodePath("../AnimationPlayer")
parameters/conditions/is_flying = false
parameters/conditions/not_flying = false
