[gd_scene load_steps=14 format=3 uid="uid://5k5544ggwcej"]

[ext_resource type="PackedScene" uid="uid://dsf532qii5efv" path="res://characters/euclid/euclid.glb" id="1_me2nu"]
[ext_resource type="Material" uid="uid://c5yds3a1r2ry6" path="res://characters/euclid/mat_eye.tres" id="2_mel2v"]
[ext_resource type="Script" path="res://lib/player/glider/trail_3d.gd" id="2_vm4ur"]

[sub_resource type="Gradient" id="Gradient_rr5jv"]
offsets = PackedFloat32Array(0, 0.211268, 0.793427, 1)
colors = PackedColorArray(1, 1, 1, 0, 1, 1, 1, 1, 0.906103, 0.906103, 0.906103, 1, 1, 1, 1, 0)

[sub_resource type="GradientTexture2D" id="GradientTexture2D_y8f53"]
gradient = SubResource("Gradient_rr5jv")

[sub_resource type="StandardMaterial3D" id="StandardMaterial3D_0whc0"]
transparency = 1
cull_mode = 2
shading_mode = 0
vertex_color_use_as_albedo = true
albedo_texture = SubResource("GradientTexture2D_y8f53")

[sub_resource type="QuadMesh" id="QuadMesh_rafex"]
material = ExtResource("2_mel2v")
size = Vector2(0.12, 0.12)
orientation = 1

[sub_resource type="AnimationNodeAnimation" id="AnimationNodeAnimation_3uhmt"]
animation = &"Fly"

[sub_resource type="AnimationNodeAnimation" id="AnimationNodeAnimation_k0e6l"]
animation = &"Idle"

[sub_resource type="AnimationNodeStateMachineTransition" id="AnimationNodeStateMachineTransition_xdc0c"]
xfade_time = 0.6
advance_mode = 2

[sub_resource type="AnimationNodeStateMachineTransition" id="AnimationNodeStateMachineTransition_auv72"]
xfade_time = 0.25
priority = 2
advance_mode = 2
advance_condition = &"is_flying"

[sub_resource type="AnimationNodeStateMachineTransition" id="AnimationNodeStateMachineTransition_dbsxo"]
xfade_time = 0.5
advance_mode = 2
advance_condition = &"not_flying"

[sub_resource type="AnimationNodeStateMachine" id="AnimationNodeStateMachine_0wdug"]
states/Fly/node = SubResource("AnimationNodeAnimation_3uhmt")
states/Fly/position = Vector2(641, 100)
states/Idle/node = SubResource("AnimationNodeAnimation_k0e6l")
states/Idle/position = Vector2(464, 100)
states/Start/position = Vector2(291, 100)
transitions = ["Start", "Idle", SubResource("AnimationNodeStateMachineTransition_xdc0c"), "Idle", "Fly", SubResource("AnimationNodeStateMachineTransition_auv72"), "Fly", "Idle", SubResource("AnimationNodeStateMachineTransition_dbsxo")]
graph_offset = Vector2(-220, -47)

[node name="Euclid" instance=ExtResource("1_me2nu")]

[node name="Skeleton3D" parent="EuclidArmature" index="0"]
bones/0/position = Vector3(-0.000144581, -0.0110043, 0.000148737)
bones/0/rotation = Quaternion(-5.64198e-07, 5.76291e-07, 0.707623, 0.70659)
bones/1/rotation = Quaternion(-3.55306e-15, 2.12089e-21, 1, 0)
bones/2/rotation = Quaternion(2.66925e-08, 2.66925e-08, 0.707107, 0.707107)
bones/3/rotation = Quaternion(2.66925e-08, 2.66925e-08, 0.707107, 0.707107)
bones/4/rotation = Quaternion(-0.5, 0.5, -0.5, 0.5)
bones/5/rotation = Quaternion(0.5, 0.5, -0.5, 0.5)
bones/6/rotation = Quaternion(0.486549, 0.30903, 0.69241, -0.43398)
bones/6/scale = Vector3(1, 1, 1)
bones/7/rotation = Quaternion(-0.0374634, 0.961094, 0.218489, 0.164795)
bones/7/scale = Vector3(1, 1, 1)
bones/10/rotation = Quaternion(0, 0, -0.810871, 0.585225)
bones/11/rotation = Quaternion(-0.495268, 0.530618, -0.468395, 0.503746)
bones/11/scale = Vector3(1, 1, 1)
bones/12/rotation = Quaternion(0.724872, 0.679365, -0.0561032, -0.0993775)
bones/12/scale = Vector3(1, 1, 1)
bones/13/position = Vector3(-0.0141167, -0.479681, 0.527641)
bones/13/rotation = Quaternion(-0.0241391, 0.692786, -0.0503318, 0.718979)
bones/13/scale = Vector3(1, 1, 1)
bones/14/position = Vector3(0.13378, 0.632438, -0.308685)
bones/14/rotation = Quaternion(0.581863, -0.501299, 0.631349, 0.107389)
bones/14/scale = Vector3(1, 1, 1)
bones/15/rotation = Quaternion(0.797607, 0.373241, 0.373241, -0.291901)
bones/15/scale = Vector3(1, 1, 1)
bones/16/rotation = Quaternion(0.506943, -0.472805, -0.472805, 0.543985)
bones/16/scale = Vector3(1, 1, 1)
bones/18/position = Vector3(-0.0209607, -0.47953, -0.527686)
bones/18/rotation = Quaternion(0.0512381, 0.691311, 0.0221505, 0.720398)
bones/19/position = Vector3(-0.155971, 0.632288, -0.296746)
bones/19/rotation = Quaternion(0.22456, -0.213166, 0.828698, -0.466255)
bones/19/scale = Vector3(1, 1, 1)
bones/20/rotation = Quaternion(-0.142916, 0.868942, -0.451763, 0.142916)
bones/21/rotation = Quaternion(-0.525061, -0.452599, 0.493736, 0.525061)
bones/22/rotation = Quaternion(0, 0, 0.585225, 0.810871)

[node name="EnergyOuterGlow" parent="EuclidArmature/Skeleton3D" index="0"]
transform = Transform3D(0.999999, -0.00146067, 1.60341e-08, 0.00146067, 0.999999, 1.53741e-06, -1.82796e-08, -1.53738e-06, 1, 0.0582452, -0.013798, 0.00812053)

[node name="EnergySphere" parent="EuclidArmature/Skeleton3D" index="1"]
transform = Transform3D(0.999999, -0.00146067, 1.60341e-08, 0.00146067, 0.999999, 1.53741e-06, -1.82796e-08, -1.53738e-06, 1, 0.0582452, -0.013798, 0.00812053)

[node name="Ring" parent="EuclidArmature/Skeleton3D" index="2"]
transform = Transform3D(0.00146085, 0.999999, -2.22233e-07, -0.999999, 0.00146079, 1.43374e-06, 1.49367e-06, 1.60534e-07, 1, -0.000144581, -0.0110043, 0.000148753)

[node name="BaseRing" parent="EuclidArmature/Skeleton3D" index="3"]
transform = Transform3D(0.000128388, -0.00146136, 0.999999, 0.00619479, 0.99998, 0.0014604, -0.999981, 0.00619477, 0.000137299, -0.0527921, -0.385884, -0.00218035)

[node name="VPropelCone" parent="EuclidArmature/Skeleton3D" index="4"]
transform = Transform3D(0.000128388, -0.00146136, 0.999999, 0.00619479, 0.99998, 0.0014604, -0.999981, 0.00619477, 0.000137299, 0.0733823, -0.434192, -0.00246344)

[node name="Tails" parent="EuclidArmature/Skeleton3D" index="5"]
transform = Transform3D(0.999999, -0.00146145, -0.000128388, 0.00146043, 0.99998, -0.00619479, 0.000137269, 0.00619476, 0.999981, -0.000144645, -0.0110044, 0.000148729)

[node name="EyeCentral" parent="EuclidArmature/Skeleton3D" index="6"]
transform = Transform3D(-0.313636, 0.949544, -0.000128388, -0.949525, -0.31363, -0.00619479, -0.00592259, -0.00182121, 0.999981, 0.159417, 0.444241, 0.00298947)

[node name="EngineRing" parent="EuclidArmature/Skeleton3D" index="7"]
transform = Transform3D(1.07e-07, 0.976097, -0.217338, -1.72108e-06, -0.217337, -0.976097, -1, 7.28294e-07, 1.57952e-06, 0.415415, -0.00955357, 0.000148705)

[node name="Wing_L" parent="EuclidArmature/Skeleton3D" index="8"]
transform = Transform3D(0.999999, -0.00146104, 2.08616e-07, 0.00146097, 0.999999, 1.99676e-06, -2.98023e-07, -2.00421e-06, 1, -0.000113994, -0.00952837, 7.37011e-05)

[node name="Trail3D" type="MeshInstance3D" parent="EuclidArmature/Skeleton3D/Wing_L/Wing_L" index="0"]
transform = Transform3D(1, 1.86265e-09, 2.72848e-12, 0, 1, -9.8618e-11, -9.09495e-13, -2.34007e-10, 1, 0.58, 0.14, 1.15)
material_override = SubResource("StandardMaterial3D_0whc0")
script = ExtResource("2_vm4ur")
trail_width = 0.02
always_enabled = true
start_alpha = 0.4
diffuse_color = Color(0.44, 0.757333, 1, 1)

[node name="Fuselage_L_2" parent="EuclidArmature/Skeleton3D" index="9"]
transform = Transform3D(0.999999, -0.00146058, 2.53436e-07, 0.00146058, 0.999999, 1.46776e-06, -2.45287e-07, -1.49757e-06, 1, -4.47333e-05, -0.00618489, 0.000148594)

[node name="Eyes_002" parent="EuclidArmature/Skeleton3D" index="10"]
transform = Transform3D(-0.313636, 0.949543, 2.53436e-07, -0.949543, -0.313636, 1.46776e-06, 1.49859e-06, 2.38969e-07, 1, -0.586577, 0.0247324, 0.434742)

[node name="Eye2" type="MeshInstance3D" parent="EuclidArmature/Skeleton3D/Eyes_002/Eyes_002" index="0"]
transform = Transform3D(1.76153e-07, 2.98023e-08, 1, -5.42044e-07, -1, 0, 1, -5.87148e-07, -2.03345e-07, 0, -0.08, 0)
cast_shadow = 0
mesh = SubResource("QuadMesh_rafex")
skeleton = NodePath("../../../Eyes/Eyes")

[node name="Wing_R" parent="EuclidArmature/Skeleton3D" index="11"]
transform = Transform3D(-0.999999, 0.00146121, -1.78814e-07, -0.00146119, -0.999999, 2.68221e-06, -1.49012e-07, 2.5928e-06, 1, -0.00024347, -0.0157839, -0.00135195)

[node name="Trail3D2" type="MeshInstance3D" parent="EuclidArmature/Skeleton3D/Wing_R/Wing_R" index="0"]
transform = Transform3D(-1, -6.51926e-09, -2.06908e-07, 3.91155e-08, -1, 5.55076e-07, -2.68279e-07, 8.04311e-07, 1, -0.58, -0.14, -1.17)
material_override = SubResource("StandardMaterial3D_0whc0")
skeleton = NodePath("../../../Wing_L/Wing_L")
script = ExtResource("2_vm4ur")
trail_width = 0.02
always_enabled = true
start_alpha = 0.4
diffuse_color = Color(0.439216, 0.756863, 1, 1)

[node name="Fuselage_R_2" parent="EuclidArmature/Skeleton3D" index="12"]
transform = Transform3D(-0.999999, 0.00146059, -4.7253e-07, -0.00146057, -0.999999, 1.56462e-06, -5.39352e-07, 1.58325e-06, 1, -0.000186622, -0.0130292, 0.000103712)

[node name="Eyes" parent="EuclidArmature/Skeleton3D" index="13"]
transform = Transform3D(-0.313636, 0.949543, -4.7253e-07, -0.949543, -0.313636, 1.56462e-06, 1.33273e-06, 1.01065e-06, 1, -0.586719, 0.0178868, -0.43449)

[node name="Eye" type="MeshInstance3D" parent="EuclidArmature/Skeleton3D/Eyes/Eyes" index="0"]
transform = Transform3D(-4.37114e-08, 8.74228e-08, 1, 0, -1, 8.74228e-08, 1, 3.82137e-15, 4.37114e-08, 0, -0.08, 0)
cast_shadow = 0
mesh = SubResource("QuadMesh_rafex")

[node name="AnimationTree" type="AnimationTree" parent="." index="2"]
tree_root = SubResource("AnimationNodeStateMachine_0wdug")
anim_player = NodePath("../AnimationPlayer")
parameters/conditions/is_flying = false
parameters/conditions/not_flying = false
