[gd_scene load_steps=14 format=3 uid="uid://5k5544ggwcej"]

[ext_resource type="PackedScene" uid="uid://dsf532qii5efv" path="res://characters/euclid/euclid.glb" id="1_me2nu"]
[ext_resource type="Material" uid="uid://c5yds3a1r2ry6" path="res://characters/euclid/mat_eye.tres" id="2_mel2v"]
[ext_resource type="Script" path="res://lib/player/glider/trail_3d.gd" id="2_vm4ur"]

[sub_resource type="Gradient" id="Gradient_rr5jv"]
offsets = PackedFloat32Array(0, 0.211268, 0.793427, 1)
colors = PackedColorArray(1, 1, 1, 0, 1, 1, 1, 1, 0.906103, 0.906103, 0.906103, 1, 1, 1, 1, 0)

[sub_resource type="GradientTexture2D" id="GradientTexture2D_y8f53"]
gradient = SubResource("Gradient_rr5jv")

[sub_resource type="StandardMaterial3D" id="StandardMaterial3D_0whc0"]
transparency = 1
cull_mode = 2
shading_mode = 0
vertex_color_use_as_albedo = true
albedo_texture = SubResource("GradientTexture2D_y8f53")

[sub_resource type="QuadMesh" id="QuadMesh_rafex"]
material = ExtResource("2_mel2v")
size = Vector2(0.12, 0.12)
orientation = 1

[sub_resource type="AnimationNodeAnimation" id="AnimationNodeAnimation_3uhmt"]
animation = &"Fly"

[sub_resource type="AnimationNodeAnimation" id="AnimationNodeAnimation_k0e6l"]
animation = &"Idle"

[sub_resource type="AnimationNodeStateMachineTransition" id="AnimationNodeStateMachineTransition_xdc0c"]
xfade_time = 0.6
advance_mode = 2

[sub_resource type="AnimationNodeStateMachineTransition" id="AnimationNodeStateMachineTransition_auv72"]
xfade_time = 0.25
priority = 2
advance_mode = 2
advance_condition = &"is_flying"

[sub_resource type="AnimationNodeStateMachineTransition" id="AnimationNodeStateMachineTransition_dbsxo"]
xfade_time = 0.5
advance_mode = 2
advance_condition = &"not_flying"

[sub_resource type="AnimationNodeStateMachine" id="AnimationNodeStateMachine_0wdug"]
states/Fly/node = SubResource("AnimationNodeAnimation_3uhmt")
states/Fly/position = Vector2(641, 100)
states/Idle/node = SubResource("AnimationNodeAnimation_k0e6l")
states/Idle/position = Vector2(464, 100)
states/Start/position = Vector2(291, 100)
transitions = ["Start", "Idle", SubResource("AnimationNodeStateMachineTransition_xdc0c"), "Idle", "Fly", SubResource("AnimationNodeStateMachineTransition_auv72"), "Fly", "Idle", SubResource("AnimationNodeStateMachineTransition_dbsxo")]
graph_offset = Vector2(-220, -47)

[node name="Euclid" instance=ExtResource("1_me2nu")]

[node name="Skeleton3D" parent="EuclidArmature" index="0"]
bones/0/position = Vector3(-0.000341161, -0.0259663, 0.000350968)
bones/0/rotation = Quaternion(-0.001185, 0.00121157, 0.707816, 0.706395)
bones/1/rotation = Quaternion(-3.55306e-15, 2.12089e-21, 1, 0)
bones/2/rotation = Quaternion(2.66925e-08, 2.66925e-08, 0.707107, 0.707107)
bones/3/rotation = Quaternion(2.66925e-08, 2.66925e-08, 0.707107, 0.707107)
bones/4/rotation = Quaternion(-0.5, 0.5, -0.5, 0.5)
bones/5/rotation = Quaternion(0.5, 0.5, -0.5, 0.5)
bones/6/rotation = Quaternion(0.483709, 0.310894, 0.694396, -0.432648)
bones/6/scale = Vector3(1, 1, 1)
bones/7/rotation = Quaternion(-0.0374634, 0.961094, 0.218489, 0.164795)
bones/7/scale = Vector3(1, 1, 1)
bones/10/rotation = Quaternion(0, 0, -0.810871, 0.585225)
bones/11/rotation = Quaternion(-0.495268, 0.530618, -0.468395, 0.503746)
bones/11/scale = Vector3(1, 1, 1)
bones/12/rotation = Quaternion(0.724872, 0.679365, -0.0561032, -0.0993775)
bones/12/scale = Vector3(1, 1, 1)
bones/13/position = Vector3(-0.00761531, -0.479826, 0.527641)
bones/13/rotation = Quaternion(-0.0241391, 0.692786, -0.0503318, 0.718979)
bones/13/scale = Vector3(1, 1, 1)
bones/14/position = Vector3(0.133712, 0.632373, -0.313166)
bones/14/rotation = Quaternion(0.581863, -0.501299, 0.631349, 0.107389)
bones/14/scale = Vector3(1, 1, 1)
bones/15/rotation = Quaternion(0.797607, 0.373241, 0.373241, -0.291901)
bones/15/scale = Vector3(1, 1, 1)
bones/16/rotation = Quaternion(0.506943, -0.472805, -0.472805, 0.543985)
bones/16/scale = Vector3(1, 1, 1)
bones/18/position = Vector3(-0.0236394, -0.47947, -0.527746)
bones/18/rotation = Quaternion(0.0512381, 0.691311, 0.0221505, 0.720398)
bones/19/position = Vector3(-0.154184, 0.632022, -0.30051)
bones/19/rotation = Quaternion(0.22456, -0.213166, 0.828698, -0.466255)
bones/19/scale = Vector3(1, 1, 1)
bones/20/rotation = Quaternion(-0.142916, 0.868942, -0.451763, 0.142916)
bones/21/rotation = Quaternion(-0.525061, -0.452599, 0.493736, 0.525061)
bones/22/rotation = Quaternion(0, 0, 0.585225, 0.810871)

[node name="EnergyOuterGlow" parent="EuclidArmature/Skeleton3D" index="0"]
transform = Transform3D(0.999998, -0.00201058, 3.41724e-05, 0.00201046, 0.999992, 0.00338921, -4.09861e-05, -0.00338914, 0.999994, 0.0580504, -0.0287008, 0.00833008)

[node name="EnergySphere" parent="EuclidArmature/Skeleton3D" index="1"]
transform = Transform3D(0.999998, -0.00201058, 3.41724e-05, 0.00201046, 0.999992, 0.00338921, -4.09861e-05, -0.00338914, 0.999994, 0.0580504, -0.0287008, 0.00833008)

[node name="Ring" parent="EuclidArmature/Skeleton3D" index="2"]
transform = Transform3D(0.00201076, 0.999998, 3.39341e-05, -0.999992, 0.00201058, 0.00338911, 0.00338909, -4.08077e-05, 0.999994, -0.000341161, -0.0259663, 0.000350983)

[node name="BaseRing" parent="EuclidArmature/Skeleton3D" index="3"]
transform = Transform3D(0.000258207, -0.00201234, 0.999998, 0.0111129, 0.999936, 0.00200933, -0.999938, 0.0111125, 0.000280499, -0.0527821, -0.400859, -0.00382895)

[node name="VPropelCone" parent="EuclidArmature/Skeleton3D" index="4"]
transform = Transform3D(0.000258207, -0.00201234, 0.999998, 0.0111129, 0.999936, 0.00200933, -0.999938, 0.0111125, 0.000280499, 0.0734189, -0.449095, -0.00433245)

[node name="Tails" parent="EuclidArmature/Skeleton3D" index="5"]
transform = Transform3D(0.999998, -0.00201243, -0.000258207, 0.00200936, 0.999936, -0.0111129, 0.00028047, 0.0111125, 0.999938, -0.000341224, -0.0259664, 0.000350959)

[node name="EyeCentral" parent="EuclidArmature/Skeleton3D" index="6"]
transform = Transform3D(-0.313112, 0.949716, -0.000258207, -0.949657, -0.313096, -0.0111129, -0.010635, -0.00323449, 0.999938, 0.158969, 0.429348, 0.0054523)

[node name="EngineRing" parent="EuclidArmature/Skeleton3D" index="7"]
transform = Transform3D(-3.40492e-05, 0.976216, -0.216801, -0.00338939, -0.2168, -0.97621, -0.999994, 0.000701829, 0.0033161, 0.415218, -0.0242871, 0.000331053)

[node name="Wing_L" parent="EuclidArmature/Skeleton3D" index="8"]
transform = Transform3D(0.999998, -0.00201094, 3.43323e-05, 0.00201078, 0.999993, 0.00338963, -4.12464e-05, -0.00338957, 0.999995, -0.000270739, -0.0224686, 0.00016427)

[node name="Trail3D" type="MeshInstance3D" parent="EuclidArmature/Skeleton3D/Wing_L/Wing_L" index="0"]
transform = Transform3D(1, 1.86265e-09, 2.72848e-12, 0, 1, -9.8618e-11, -9.09495e-13, -2.34007e-10, 1, 0.58, 0.14, 1.15)
material_override = SubResource("StandardMaterial3D_0whc0")
script = ExtResource("2_vm4ur")
trail_width = 0.02
always_enabled = true
start_alpha = 0.4
diffuse_color = Color(0.44, 0.757333, 1, 1)

[node name="Fuselage_L_2" parent="EuclidArmature/Skeleton3D" index="9"]
transform = Transform3D(0.999998, -0.00201049, 3.44182e-05, 0.00201038, 0.999992, 0.00338914, -4.12161e-05, -0.00338909, 0.999994, -0.000112951, -0.0146452, 0.000312448)

[node name="Eyes_002" parent="EuclidArmature/Skeleton3D" index="10"]
transform = Transform3D(-0.313114, 0.949716, 3.44182e-05, -0.94971, -0.313112, 0.00338914, 0.00322952, 0.00102852, 0.999994, -0.586647, 0.0174217, 0.43482)

[node name="Eye2" type="MeshInstance3D" parent="EuclidArmature/Skeleton3D/Eyes_002/Eyes_002" index="0"]
transform = Transform3D(1.76153e-07, 2.98023e-08, 1, -5.42044e-07, -1, 0, 1, -5.87148e-07, -2.03345e-07, 0, -0.08, 0)
cast_shadow = 0
mesh = SubResource("QuadMesh_rafex")
skeleton = NodePath("../../../Eyes/Eyes")

[node name="Wing_R" parent="EuclidArmature/Skeleton3D" index="11"]
transform = Transform3D(-0.999998, 0.0020111, 3.3997e-05, -0.00201102, -0.999993, 0.00339031, 4.08143e-05, 0.00339016, 0.999994, -0.000565976, -0.0371276, -0.00312158)

[node name="Trail3D2" type="MeshInstance3D" parent="EuclidArmature/Skeleton3D/Wing_R/Wing_R" index="0"]
transform = Transform3D(-1, -6.51926e-09, -2.06908e-07, 3.91155e-08, -1, 5.55076e-07, -2.68279e-07, 8.04311e-07, 1, -0.58, -0.14, -1.17)
material_override = SubResource("StandardMaterial3D_0whc0")
skeleton = NodePath("../../../Wing_L/Wing_L")
script = ExtResource("2_vm4ur")
trail_width = 0.02
always_enabled = true
start_alpha = 0.4
diffuse_color = Color(0.439216, 0.756863, 1, 1)

[node name="Fuselage_R_2" parent="EuclidArmature/Skeleton3D" index="12"]
transform = Transform3D(-0.999998, 0.0020105, 3.36911e-05, -0.00201037, -0.999992, 0.00338924, 4.04118e-05, 0.00338918, 0.999994, -0.000436038, -0.0306703, 0.000262082)

[node name="Eyes" parent="EuclidArmature/Skeleton3D" index="13"]
transform = Transform3D(-0.313114, 0.949716, 3.36911e-05, -0.94971, -0.313112, 0.00338924, 0.00322935, 0.00102931, 0.999994, -0.587, -0.00154927, -0.434413)

[node name="Eye" type="MeshInstance3D" parent="EuclidArmature/Skeleton3D/Eyes/Eyes" index="0"]
transform = Transform3D(-4.37114e-08, 8.74228e-08, 1, 0, -1, 8.74228e-08, 1, 3.82137e-15, 4.37114e-08, 0, -0.08, 0)
cast_shadow = 0
mesh = SubResource("QuadMesh_rafex")

[node name="AnimationTree" type="AnimationTree" parent="." index="2"]
tree_root = SubResource("AnimationNodeStateMachine_0wdug")
anim_player = NodePath("../AnimationPlayer")
parameters/conditions/is_flying = false
parameters/conditions/not_flying = false
