[gd_scene load_steps=12 format=3 uid="uid://5k5544ggwcej"]

[ext_resource type="PackedScene" uid="uid://dsf532qii5efv" path="res://characters/euclid/euclid.glb" id="1_me2nu"]
[ext_resource type="Script" path="res://lib/player/glider/trail_3d.gd" id="2_vm4ur"]

[sub_resource type="Gradient" id="Gradient_rr5jv"]
offsets = PackedFloat32Array(0, 0.211268, 0.793427, 1)
colors = PackedColorArray(1, 1, 1, 0, 1, 1, 1, 1, 0.906103, 0.906103, 0.906103, 1, 1, 1, 1, 0)

[sub_resource type="GradientTexture2D" id="GradientTexture2D_y8f53"]
gradient = SubResource("Gradient_rr5jv")

[sub_resource type="StandardMaterial3D" id="StandardMaterial3D_0whc0"]
transparency = 1
cull_mode = 2
shading_mode = 0
vertex_color_use_as_albedo = true
albedo_texture = SubResource("GradientTexture2D_y8f53")

[sub_resource type="AnimationNodeAnimation" id="AnimationNodeAnimation_3uhmt"]
animation = &"Fly"

[sub_resource type="AnimationNodeAnimation" id="AnimationNodeAnimation_k0e6l"]
animation = &"Idle"

[sub_resource type="AnimationNodeStateMachineTransition" id="AnimationNodeStateMachineTransition_xdc0c"]
xfade_time = 0.6
advance_mode = 2

[sub_resource type="AnimationNodeStateMachineTransition" id="AnimationNodeStateMachineTransition_auv72"]
xfade_time = 0.25
priority = 2
advance_mode = 2
advance_condition = &"is_flying"

[sub_resource type="AnimationNodeStateMachineTransition" id="AnimationNodeStateMachineTransition_dbsxo"]
xfade_time = 0.5
advance_mode = 2
advance_condition = &"not_flying"

[sub_resource type="AnimationNodeStateMachine" id="AnimationNodeStateMachine_0wdug"]
states/Fly/node = SubResource("AnimationNodeAnimation_3uhmt")
states/Fly/position = Vector2(641, 100)
states/Idle/node = SubResource("AnimationNodeAnimation_k0e6l")
states/Idle/position = Vector2(464, 100)
states/Start/position = Vector2(291, 100)
transitions = ["Start", "Idle", SubResource("AnimationNodeStateMachineTransition_xdc0c"), "Idle", "Fly", SubResource("AnimationNodeStateMachineTransition_auv72"), "Fly", "Idle", SubResource("AnimationNodeStateMachineTransition_dbsxo")]
graph_offset = Vector2(-220, -47)

[node name="Euclid" instance=ExtResource("1_me2nu")]

[node name="Skeleton3D" parent="EuclidArmature" index="0"]
bones/0/position = Vector3(-0.000433867, -0.0330223, 0.000446338)
bones/0/rotation = Quaternion(-0.005751, 0.00587996, 0.719176, 0.694779)
bones/1/rotation = Quaternion(-3.55306e-15, 2.12089e-21, 1, 0)
bones/2/rotation = Quaternion(2.66925e-08, 2.66925e-08, 0.707107, 0.707107)
bones/3/rotation = Quaternion(-0.5, 0.5, -0.5, 0.5)
bones/4/rotation = Quaternion(0.5, 0.5, -0.5, 0.5)
bones/5/rotation = Quaternion(0.482371, 0.311768, 0.695327, -0.432019)
bones/5/scale = Vector3(1, 1, 1)
bones/6/rotation = Quaternion(-0.0374634, 0.961094, 0.218489, 0.164795)
bones/6/scale = Vector3(1, 1, 1)
bones/9/rotation = Quaternion(0, 0, -0.810871, 0.585225)
bones/10/rotation = Quaternion(-0.495268, 0.530618, -0.468395, 0.503746)
bones/10/scale = Vector3(1, 1, 1)
bones/11/rotation = Quaternion(0.724872, 0.679365, -0.0561032, -0.0993775)
bones/11/scale = Vector3(1, 1, 1)
bones/12/position = Vector3(-0.00453283, -0.479894, 0.527641)
bones/12/rotation = Quaternion(-0.0241391, 0.692786, -0.0503318, 0.718979)
bones/12/scale = Vector3(1, 1, 1)
bones/13/position = Vector3(0.13368, 0.632343, -0.315278)
bones/13/rotation = Quaternion(0.581863, -0.501299, 0.631349, 0.107389)
bones/13/scale = Vector3(1, 1, 1)
bones/14/rotation = Quaternion(0.797607, 0.373241, 0.373241, -0.291901)
bones/14/scale = Vector3(1, 1, 1)
bones/15/rotation = Quaternion(0.506943, -0.472805, -0.472805, 0.543985)
bones/15/scale = Vector3(1, 1, 1)
bones/17/position = Vector3(-0.0249144, -0.479442, -0.527774)
bones/17/rotation = Quaternion(0.0512381, 0.691311, 0.0221505, 0.720398)
bones/18/position = Vector3(-0.153342, 0.631897, -0.302285)
bones/18/rotation = Quaternion(0.22456, -0.213166, 0.828698, -0.466255)
bones/18/scale = Vector3(1, 1, 1)
bones/19/rotation = Quaternion(-0.142916, 0.868942, -0.451763, 0.142916)
bones/20/rotation = Quaternion(-0.525061, -0.452599, 0.493736, 0.525061)
bones/21/rotation = Quaternion(0, 0, 0.585225, 0.810871)

[node name="EnergySphere" parent="EuclidArmature/Skeleton3D" index="0"]
transform = Transform3D(0.999405, -0.0344977, -0.000101413, 0.0344948, 0.999269, 0.0164487, -0.000466105, -0.0164424, 0.999865, 0.0580155, -0.0337541, 0.00843717)

[node name="Ring" parent="EuclidArmature/Skeleton3D" index="1"]
transform = Transform3D(0.0344977, 0.999405, -0.000101415, -0.999269, 0.0344948, 0.0164488, 0.0164425, -0.000466105, 0.999865, -0.000433867, -0.0330223, 0.000446353)

[node name="BaseRing" parent="EuclidArmature/Skeleton3D" index="2"]
transform = Transform3D(-0.000126749, -0.0344973, 0.999405, 0.00196238, 0.999403, 0.0344975, -0.999998, 0.00196549, -5.90086e-05, -0.0406676, -0.409444, -0.000287086)

[node name="VPropelCone" parent="EuclidArmature/Skeleton3D" index="3"]
transform = Transform3D(-0.000126749, -0.0344973, 0.999405, 0.00196238, 0.999403, 0.0344975, -0.999998, 0.00196549, -5.90086e-05, 0.0870338, -0.453557, -0.000389839)

[node name="VPropelCone" parent="EuclidArmature/Skeleton3D/VPropelCone" index="0"]
visible = false

[node name="Tails" parent="EuclidArmature/Skeleton3D" index="4"]
transform = Transform3D(0.999405, -0.0344972, 0.000126183, 0.0344974, 0.999403, -0.00196218, -5.84424e-05, 0.00196525, 0.999998, -0.000433926, -0.0330224, 0.00044633)

[node name="Tails" parent="EuclidArmature/Skeleton3D/Tails" index="0"]
visible = false

[node name="EyeCentral" parent="EuclidArmature/Skeleton3D" index="5"]
transform = Transform3D(-0.282095, 0.959387, 0.000126183, -0.959385, -0.282095, -0.00196218, -0.00184678, -0.000674568, 0.999998, 0.144, 0.427254, 0.0013312)

[node name="EngineRing" parent="EuclidArmature/Skeleton3D" index="6"]
transform = Transform3D(0.000100995, 0.982744, -0.18497, -0.0164488, -0.184943, -0.982612, -0.999865, 0.00314196, 0.0161464, 0.414851, -0.0178445, 0.00023874)

[node name="Wing_L" parent="EuclidArmature/Skeleton3D" index="7"]
transform = Transform3D(0.999405, -0.0344973, -0.000101745, 0.0344944, 0.999269, 0.0164487, -0.00046581, -0.0164424, 0.999865, -0.000489324, -0.0285565, 0.000150949)

[node name="Trail3D" type="MeshInstance3D" parent="EuclidArmature/Skeleton3D/Wing_L/Wing_L" index="0"]
transform = Transform3D(1, 1.86265e-09, 2.72848e-12, 0, 1, -9.8618e-11, -9.09495e-13, -2.34007e-10, 1, 0.58, 0.14, 1.15)
material_override = SubResource("StandardMaterial3D_0whc0")
script = ExtResource("2_vm4ur")
trail_width = 0.02
always_enabled = true
start_alpha = 0.4
diffuse_color = Color(0.44, 0.757333, 1, 1)

[node name="Fuselage_L_2" parent="EuclidArmature/Skeleton3D" index="8"]
transform = Transform3D(0.999405, -0.0344977, -0.000101224, 0.0344947, 0.999269, 0.0164483, -0.000466273, -0.016442, 0.999865, -0.000611484, -0.0186185, 0.00020957)

[node name="Eyes_002" parent="EuclidArmature/Skeleton3D" index="9"]
transform = Transform3D(-0.282094, 0.959387, -0.000101224, -0.959258, -0.282054, 0.0164483, 0.0157518, 0.00473708, 0.999865, -0.587889, 4.92241e-05, 0.434495)

[node name="Wing_R" parent="EuclidArmature/Skeleton3D" index="10"]
transform = Transform3D(-0.999405, 0.0344974, -0.000102125, -0.0344943, -0.99927, 0.01645, 0.000465296, 0.0164437, 0.999865, -0.000258461, -0.0472599, -0.00377786)

[node name="Trail3D2" type="MeshInstance3D" parent="EuclidArmature/Skeleton3D/Wing_R/Wing_R" index="0"]
transform = Transform3D(-1, -6.51926e-09, -2.06908e-07, 3.91155e-08, -1, 5.55076e-07, -2.68279e-07, 8.04311e-07, 1, -0.58, -0.14, -1.17)
material_override = SubResource("StandardMaterial3D_0whc0")
skeleton = NodePath("../../../Wing_L/Wing_L")
script = ExtResource("2_vm4ur")
trail_width = 0.02
always_enabled = true
start_alpha = 0.4
diffuse_color = Color(0.439216, 0.756863, 1, 1)

[node name="Fuselage_R_2" parent="EuclidArmature/Skeleton3D" index="11"]
transform = Transform3D(-0.999405, 0.0344988, -0.00010134, -0.0344958, -0.999269, 0.0164504, 0.000466238, 0.0164442, 0.999865, -0.000360191, -0.0390028, 0.000411451)

[node name="Eyes" parent="EuclidArmature/Skeleton3D" index="12"]
transform = Transform3D(-0.282094, 0.959387, -0.00010134, -0.959257, -0.282054, 0.0164504, 0.0157538, 0.0047378, 0.999865, -0.58755, -0.0346332, -0.434372)

[node name="AnimationTree" type="AnimationTree" parent="." index="2"]
tree_root = SubResource("AnimationNodeStateMachine_0wdug")
anim_player = NodePath("../AnimationPlayer")
parameters/conditions/is_flying = false
parameters/conditions/not_flying = false
