[gd_scene load_steps=3 format=3 uid="uid://b0cumm7revohw"]

[ext_resource type="PackedScene" uid="uid://c56a3orba0foi" path="res://characters/infobot/glb_infobot.glb" id="1_of3tq"]
[ext_resource type="PackedScene" uid="uid://dubiapk4q8y4o" path="res://characters/styx/styx_v3/styx_v3.tscn" id="3_mwnaq"]

[node name="Infobot" instance=ExtResource("1_of3tq")]
transform = Transform3D(0.75, 0, 0, 0, 0.75, 0, 0, 0, 0.75, 0, 0, 0)

[node name="Armature" parent="." index="0"]
visible = false

[node name="Skeleton3D" parent="Armature" index="0"]
bones/0/position = Vector3(-0.370169, -0.0246779, -3.2837e-09)
bones/0/rotation = Quaternion(0.738506, -0.0488218, -0.0443582, 0.671013)
bones/1/position = Vector3(-1.55049, 1.27585, 1.61526)
bones/1/rotation = Quaternion(0.255622, 0.917469, -0.0585414, -0.299134)
bones/6/position = Vector3(1.27289, 1.28924, 1.75903)
bones/6/rotation = Quaternion(-0.305081, 0.887337, -0.0284552, 0.3446)

[node name="Cube007" parent="Armature/Skeleton3D" index="0"]
transform = Transform3D(0.885575, 0.106061, 0.452226, -0.172355, 0.97911, 0.107884, -0.431337, -0.173472, 0.885355, -1.91738, -1.44316, 1.52445)
bone_idx = 2

[node name="Cube008" parent="Armature/Skeleton3D" index="1"]
transform = Transform3D(-0.885575, 0.106061, 0.452226, 0.172355, 0.97911, 0.107884, 0.431337, -0.173472, 0.885355, -1.76865, -1.05747, 1.49328)
bone_idx = 3

[node name="Cube009" parent="Armature/Skeleton3D" index="2"]
transform = Transform3D(-0.885575, 0.106061, 0.364018, 0.172355, 0.97911, 0.0868413, 0.431337, -0.173472, 0.712665, -2.15748, -0.454889, 1.58683)
bone_idx = 4

[node name="Plane002" parent="Armature/Skeleton3D" index="3"]
transform = Transform3D(0.885575, 0.106061, 0.452226, -0.172355, 0.97911, 0.107884, -0.431337, -0.173472, 0.885355, -1.71055, -1.42095, 1.96816)
bone_idx = 5

[node name="Cube002" parent="Armature/Skeleton3D" index="4"]
transform = Transform3D(0.828128, 0.260631, -0.496259, -0.158236, 0.958017, 0.239097, 0.537741, -0.119469, 0.834602, 0.422957, -1.89716, 1.50287)
bone_idx = 7

[node name="Cube005" parent="Armature/Skeleton3D" index="5"]
transform = Transform3D(0.828128, 0.260631, -0.496259, -0.158236, 0.958017, 0.239097, 0.537741, -0.119469, 0.834602, 0.551727, -1.50811, 1.56536)
bone_idx = 8

[node name="Cube006" parent="Armature/Skeleton3D" index="6"]
transform = Transform3D(0.828128, 0.260631, -0.399463, -0.158236, 0.958017, 0.192461, 0.537741, -0.119469, 0.671811, 1.109, -1.08194, 1.74107)
bone_idx = 9

[node name="Plane001" parent="Armature/Skeleton3D" index="7"]
transform = Transform3D(0.828128, 0.260631, -0.496259, -0.158236, 0.958017, 0.239097, 0.537741, -0.119469, 0.834602, 0.161742, -1.81029, 1.90829)
bone_idx = 10

[node name="Cube001" parent="Armature/Skeleton3D" index="8"]
transform = Transform3D(0.991298, 0.13164, -2.27895e-06, -0.13164, 0.991297, 1.9297e-06, 2.52551e-06, 2.34693e-06, 1, -0.395062, -0.214588, 1.09227)
bone_idx = 11

[node name="Cube" parent="Armature/Skeleton3D" index="9"]
transform = Transform3D(0.991298, 0.13164, -2.27895e-06, -0.13164, 0.991297, 1.9297e-06, 2.52551e-06, 2.34693e-06, 1, -0.332598, 0.258264, 1.1458)
bone_idx = 12

[node name="Cube004" parent="Armature/Skeleton3D" index="10"]
transform = Transform3D(0.991298, 0.13164, -2.27895e-06, -0.13164, 0.991297, 1.9297e-06, 2.52551e-06, 2.34693e-06, 1, -0.24325, 0.928605, 1.09227)
bone_idx = 13

[node name="Cube003" parent="Armature/Skeleton3D" index="11"]
transform = Transform3D(0.991298, 0.13164, -2.27895e-06, -0.13164, 0.991297, 1.9297e-06, 2.52551e-06, 2.34693e-06, 1, -0.500166, -1.00605, 1.57978)
bone_idx = 14

[node name="Cylinder" parent="Armature/Skeleton3D" index="12"]
transform = Transform3D(0.991298, 0.120251, -0.0535616, -0.13164, 0.90554, -0.403321, 2.52551e-06, 0.406866, 0.913488, -0.443811, -0.581703, 0.546422)
bone_idx = 15

[node name="Plane" parent="Armature/Skeleton3D" index="13"]
transform = Transform3D(0.991298, 0.13164, -2.27895e-06, -0.13164, 0.991297, 1.9297e-06, 2.52551e-06, 2.34693e-06, 1, -0.399856, -0.248189, 2.16361)
bone_idx = 16

[node name="AnimationPlayer" parent="." index="1"]
autoplay = "Idle"

[node name="styx_v3_import" parent="." index="2" instance=ExtResource("3_mwnaq")]
transform = Transform3D(-0.75, 0, -6.55671e-08, 0, 0.75, 0, 6.55671e-08, 0, -0.75, 0, 0.75, 0)

[connection signal="animation_finished" from="AnimationPlayer" to="." method="_on_animation_player_animation_finished" flags=18]
